40 20
11111111111111111111
10000000000000001001
10010000000000000001
10000000000000010001
10000010000100000001
10000000000010011001
10010000000100000001
10100000000000000001
10010000000000100001
10000010000000010011
10000000000000000001
10000000000000000001
10000000000000000001
10000000000000100001
10000000001010000001
10000100000000000001
10010000100000010001
10000000000100000101
10000000000000000001
10000000001010000001
10000100000000000001
10100000001010000101
10001000001100010001
10000000000000000001
10000000000000001011
11000000000000000001
10000000010000100001
10000000000000010001
10010000000000100001
10000000000000000001
10010010010000000101
10000000000000000001
10000000000000000001
10000000000000000001
10000000000000100001
11000000000000000001
10000000000000010001
11100000000101000001
10100000000000010001
11111111111111111111
234 345 23
